4.400000000000000000e+01
7.000000000000000000e+00
7.500000000000000000e+01
3.000000000000000000e+00
3.000000000000000000e+00
1.440000000000000000e+02
3.176147370496317235e-01
4.122641903840837951e-01
4.400000000000000000e+01
7.000000000000000000e+00
7.500000000000000000e+01
3.000000000000000000e+00
3.000000000000000000e+00
1.440000000000000000e+02
3.176147370496317235e-01
4.122641903840837951e-01
6.400000000000000000e+01
6.000000000000000000e+00
9.300000000000000000e+01
3.000000000000000000e+00
3.000000000000000000e+00
1.440000000000000000e+02
3.176147370496317235e-01
4.122641903840837951e-01
6.400000000000000000e+01
6.000000000000000000e+00
9.300000000000000000e+01
3.000000000000000000e+00
3.000000000000000000e+00
1.440000000000000000e+02
3.176147370496317235e-01
4.122641903840837951e-01
6.400000000000000000e+01
6.000000000000000000e+00
9.300000000000000000e+01
3.000000000000000000e+00
3.000000000000000000e+00
1.440000000000000000e+02
3.176147370496317235e-01
4.122641903840837951e-01
