1.600000000000000000e+01
3.000000000000000000e+00
8.300000000000000000e+01
5.000000000000000000e+00
4.000000000000000000e+00
2.540000000000000000e+02
5.394486822442571272e-01
5.506460142473227348e-01
1.600000000000000000e+01
4.000000000000000000e+00
6.600000000000000000e+01
4.000000000000000000e+00
4.000000000000000000e+00
2.540000000000000000e+02
5.394486822442571272e-01
5.506460142473227348e-01
5.000000000000000000e+01
7.000000000000000000e+00
1.040000000000000000e+02
5.000000000000000000e+00
6.000000000000000000e+00
2.340000000000000000e+02
6.553304605892724677e-01
2.230172529943020843e-01
5.000000000000000000e+01
7.000000000000000000e+00
1.040000000000000000e+02
5.000000000000000000e+00
6.000000000000000000e+00
2.340000000000000000e+02
6.553304605892724677e-01
2.230172529943020843e-01
5.800000000000000000e+01
1.000000000000000000e+01
1.060000000000000000e+02
3.000000000000000000e+00
4.000000000000000000e+00
2.540000000000000000e+02
5.394486822442571272e-01
5.506460142473227348e-01

