4.400000000000000000e+01
3.000000000000000000e+00
8.100000000000000000e+01
4.000000000000000000e+00
2.000000000000000000e+00
9.600000000000000000e+01
1.254828202821223759e-01
5.653262595467679619e-01
5.000000000000000000e+01
4.000000000000000000e+00
9.300000000000000000e+01
4.000000000000000000e+00
4.000000000000000000e+00
8.800000000000000000e+01
2.641333270595471738e-01
4.801329804598079010e-01
5.000000000000000000e+01
4.000000000000000000e+00
9.300000000000000000e+01
4.000000000000000000e+00
2.000000000000000000e+00
9.500000000000000000e+01
1.254828202821223759e-01
5.653262595467679619e-01
5.000000000000000000e+01
4.000000000000000000e+00
9.300000000000000000e+01
4.000000000000000000e+00
4.000000000000000000e+00
8.800000000000000000e+01
2.641333270595471738e-01
4.801329804598079010e-01
4.900000000000000000e+01
4.000000000000000000e+00
9.300000000000000000e+01
4.000000000000000000e+00
4.000000000000000000e+00
8.800000000000000000e+01
2.641333270595471738e-01
4.801329804598079010e-01
