6.300000000000000000e+01
6.000000000000000000e+00
5.300000000000000000e+01
3.000000000000000000e+00
2.000000000000000000e+00
1.420000000000000000e+02
3.363466966338182207e-01
4.122572540043597522e-01
1.100000000000000000e+01
4.000000000000000000e+00
6.300000000000000000e+01
4.000000000000000000e+00
2.000000000000000000e+00
1.420000000000000000e+02
3.363466966338182207e-01
4.122572540043597522e-01
2.600000000000000000e+01
4.000000000000000000e+00
7.600000000000000000e+01
8.000000000000000000e+00
5.000000000000000000e+00
2.550000000000000000e+02
3.961696811273188734e-01
1.778668576799308509e-01
6.200000000000000000e+01
6.000000000000000000e+00
5.300000000000000000e+01
3.000000000000000000e+00
4.000000000000000000e+00
2.550000000000000000e+02
3.961696811273188734e-01
1.778668576799308509e-01
1.100000000000000000e+01
4.000000000000000000e+00
6.300000000000000000e+01
4.000000000000000000e+00
2.000000000000000000e+00
1.420000000000000000e+02
3.363466966338182207e-01
4.122572540043597522e-01
1.100000000000000000e+01
4.000000000000000000e+00
6.300000000000000000e+01
4.000000000000000000e+00
2.000000000000000000e+00
9.700000000000000000e+01
1.964783612643780930e-01
2.388708112075284551e-01
