1.881697987973690034e-01 9.500999999999999446e-01
7.442928907386958670e-02 9.766000000000000236e-01
4.796234789308510132e-02 9.848999999999999977e-01
1.455777437875047375e-01 9.526999999999999913e-01
3.925882298555224970e-02 9.875000000000000444e-01
1.002032201744616075e-01 9.723000000000000531e-01
6.974391138264909862e-02 9.784000000000000474e-01
1.614162350967526527e-01 9.506000000000000005e-01
4.552438277918263027e-02 9.852999999999999536e-01
4.838088740614475414e-02 9.840999999999999748e-01
6.505274239452556173e-02 9.800999999999999712e-01
7.171975179295986269e-02 9.792999999999999483e-01
9.335732734892517037e-02 9.697999999999999954e-01
7.928180002681911587e-02 9.755000000000000338e-01
9.676067363768815766e-02 9.709999999999999742e-01
4.192261413140222631e-02 9.859999999999999876e-01
4.199081319145625546e-02 9.856000000000000316e-01
4.968534794291481343e-02 9.844000000000000528e-01
4.250758307838695821e-02 9.848000000000000087e-01
6.285288239642977670e-02 9.799999999999999822e-01
3.900794178838841442e-02 9.876000000000000334e-01
9.277422357536851960e-02 9.705000000000000293e-01
3.505529379811050950e-02 9.879999999999999893e-01
4.340528685937170006e-02 9.860999999999999766e-01
3.712212470486993265e-02 9.868000000000000105e-01
4.179587376059498705e-02 9.868000000000000105e-01
4.215239935121498777e-02 9.859999999999999876e-01
3.811530340914614373e-02 9.862999999999999545e-01
4.424754786958219610e-02 9.860999999999999766e-01
4.311531457914970916e-02 9.866000000000000325e-01
4.175535135131795000e-02 9.861999999999999655e-01
5.781180794583633265e-02 9.832999999999999519e-01
3.593703367569833079e-02 9.882999999999999563e-01
3.718782711394014867e-02 9.867000000000000215e-01
4.275130450213328326e-02 9.860999999999999766e-01
4.508717663412680626e-02 9.848000000000000087e-01
3.628512539546936699e-02 9.880999999999999783e-01
3.580255557901691754e-02 9.888000000000000123e-01
4.108127898116945009e-02 9.866000000000000325e-01
5.192322646905667832e-02 9.822999999999999510e-01

