2.814463598489761464e-01 9.554000000000000270e-01
3.664082413313590053e-02 9.878000000000000114e-01
2.172802977681159986e-01 9.451000000000000512e-01
5.127469938024878382e-02 9.854000000000000536e-01
4.390358872534707441e-02 9.852999999999999536e-01
4.567358228153316213e-02 9.850999999999999757e-01
1.175819898650515838e-01 9.644000000000000350e-01
3.514771001518820354e-02 9.874000000000000554e-01
3.804077507053152396e-02 9.857000000000000206e-01
3.468032170408532483e-02 9.899000000000000021e-01
4.562496885256842050e-02 9.852999999999999536e-01
5.345790377790108489e-02 9.844000000000000528e-01
3.281019845218979825e-02 9.886000000000000343e-01
3.594754870265023938e-02 9.881999999999999673e-01
6.829655511984601690e-02 9.782999999999999474e-01
3.255779108548303991e-02 9.895000000000000462e-01
3.154155099255149391e-02 9.889999999999999902e-01
3.183185804638196531e-02 9.890999999999999792e-01
3.408213325949618899e-02 9.890999999999999792e-01
3.442533221078920153e-02 9.889000000000000012e-01
3.223368472990114503e-02 9.887000000000000233e-01
2.798880655256798591e-02 9.900999999999999801e-01
2.746160638713335961e-02 9.905000000000000471e-01
3.761949647072324043e-02 9.885000000000000453e-01
3.562310565143125135e-02 9.881999999999999673e-01
3.261286084533203400e-02 9.888000000000000123e-01
2.982124215665389946e-02 9.899000000000000021e-01
3.192900269752135811e-02 9.883999999999999453e-01
2.918685451499768505e-02 9.905000000000000471e-01
3.175983318533399241e-02 9.886000000000000343e-01
2.885476992244948719e-02 9.899000000000000021e-01
2.840717677348293321e-02 9.909000000000000030e-01
3.182154802612785494e-02 9.892999999999999572e-01
3.054997445432527589e-02 9.900999999999999801e-01
2.862983968731132312e-02 9.889999999999999902e-01
2.767468578607659019e-02 9.899000000000000021e-01
2.909255129880039190e-02 9.903999999999999471e-01
3.573363115987740479e-02 9.883999999999999453e-01
2.972076685898646098e-02 9.892999999999999572e-01
3.062367896791547486e-02 9.899000000000000021e-01
3.013651410994934790e-02 9.901999999999999691e-01
2.942510755383991733e-02 9.898000000000000131e-01
2.817075482273357842e-02 9.905000000000000471e-01
3.211426063032122441e-02 9.892999999999999572e-01
3.126927180059137917e-02 9.897000000000000242e-01
4.108109511773800487e-02 9.870999999999999774e-01
2.947655965909361936e-02 9.907000000000000250e-01
3.490721629622858119e-02 9.879999999999999893e-01
