4.717984576359158383e-02 9.845000000000000417e-01
5.519738497438374941e-02 9.819999999999999840e-01
2.612821458697319188e-01 9.321000000000000396e-01
4.384659309011185863e-02 9.854000000000000536e-01
5.934351105594541653e-02 9.818000000000000060e-01
8.823361962074413589e-02 9.717999999999999972e-01
9.328047817230225025e-01 8.494000000000000439e-01
3.896834008455276610e-01 8.971999999999999975e-01
3.997052865555451862e-02 9.861999999999999655e-01
5.640283859481569351e-02 9.828999999999999959e-01
4.649377587806084039e-02 9.844000000000000528e-01
5.824095481156473658e-02 9.821999999999999620e-01
5.565031250086612674e-02 9.828999999999999959e-01
6.487395508023910407e-02 9.814000000000000501e-01
3.670028671094333061e-02 9.880999999999999783e-01
6.626317842650022993e-02 9.816000000000000281e-01
4.246219744232367088e-02 9.872999999999999554e-01
4.603084085253067448e-02 9.848999999999999977e-01
5.499185702422983157e-02 9.821999999999999620e-01
5.150148730196524305e-02 9.838000000000000078e-01
3.657158929288779892e-02 9.872999999999999554e-01
6.226795590559486282e-02 9.810999999999999721e-01
4.113914429895812463e-02 9.866000000000000325e-01
3.952274258921388561e-02 9.879000000000000004e-01
3.812909581181593566e-02 9.870999999999999774e-01
4.251427134997211310e-02 9.854000000000000536e-01
4.573465992219280518e-02 9.846000000000000307e-01
3.538971709799952625e-02 9.880999999999999783e-01
3.945384584912971920e-02 9.876000000000000334e-01
5.642380283633247062e-02 9.825000000000000400e-01
3.690440419430961183e-02 9.879000000000000004e-01
4.057765976332302488e-02 9.862999999999999545e-01
3.513341739800816821e-02 9.893999999999999462e-01
4.761826278906664683e-02 9.846000000000000307e-01
3.772792841359623450e-02 9.870999999999999774e-01
4.255535835800692418e-02 9.860999999999999766e-01
4.041179686502437141e-02 9.867000000000000215e-01
3.784850973521388523e-02 9.871999999999999664e-01
3.498507236625592043e-02 9.881999999999999673e-01
3.401720830929698403e-02 9.883999999999999453e-01
