1.562216276429593542e-01 9.535000000000000142e-01
1.290524324607849049e+00 7.227000000000000091e-01
4.569661215692758655e-02 9.858999999999999986e-01
3.976353542498982374e-02 9.880999999999999783e-01
5.529629022809676858e-02 9.822999999999999510e-01
3.326144644760060942e-02 9.885000000000000453e-01
4.325860102227888776e-02 9.859999999999999876e-01
4.458395960447378292e-02 9.862999999999999545e-01
3.321502610441530445e-02 9.895000000000000462e-01
6.053522780833300171e-02 9.814000000000000501e-01
4.239179262290708461e-02 9.852999999999999536e-01
4.946128580366494082e-02 9.842999999999999527e-01
3.736078441240242576e-02 9.868999999999999995e-01
9.226524685584008845e-02 9.733000000000000540e-01
5.121606973693706294e-02 9.848000000000000087e-01
3.597177191330119816e-02 9.886000000000000343e-01
2.910070365534629666e-02 9.906000000000000361e-01
3.322470310825738349e-02 9.899999999999999911e-01
4.245529391719028017e-02 9.854000000000000536e-01
4.708370267059654168e-02 9.842999999999999527e-01
3.319322523433365646e-02 9.883999999999999453e-01
3.412536994944093821e-02 9.882999999999999563e-01
5.311828911881893989e-02 9.820999999999999730e-01
2.837455687605543175e-02 9.908000000000000140e-01
2.921513657767791164e-02 9.909000000000000030e-01
2.970372830526903443e-02 9.899000000000000021e-01
2.945712613926734780e-02 9.900999999999999801e-01
3.388193022578488839e-02 9.892999999999999572e-01
3.171594601914402844e-02 9.898000000000000131e-01
3.066350965132005543e-02 9.901999999999999691e-01
2.841529535552836036e-02 9.900999999999999801e-01
3.472625608745147363e-02 9.879000000000000004e-01
3.139552254863083036e-02 9.889000000000000012e-01
3.028037217060045722e-02 9.899000000000000021e-01
2.975365366394398803e-02 9.899000000000000021e-01
3.148177181850187606e-02 9.892999999999999572e-01
2.631354435079265308e-02 9.907000000000000250e-01
3.125386052906106021e-02 9.893999999999999462e-01
2.974171748969820298e-02 9.896000000000000352e-01
2.957189124562428426e-02 9.896000000000000352e-01
